1
9 36 726415194
2 6 -13 11 -21 45
6 3 -91 55 -86 51
1 7 -31 80 -53 91
5 3 -66 37 -96 68
1 8 -59 82 -68 0
9 3 -91 89 -6 88
1 5 -32 61 -41 76
3 8 -90 83 -81 12
5 8 -41 21 -19 18
7 9 -35 27 -12 4
8 4 -29 97 -10 25
6 4 -62 1 -49 85
6 2 -56 41 -59 16
6 1 -65 1 -70 93
4 9 -28 61 -24 69
3 5 -56 74 -6 87
4 3 -50 61 -97 91
7 2 -1 40 -40 96
1 9 -82 23 -25 78
2 3 -31 13 -76 41
7 6 -78 45 -94 71
3 2 -66 88 -79 26
9 4 -70 66 -90 96
5 2 -16 61 -18 6
6 7 -46 85 -42 53
4 6 -14 10 -14 68
7 4 -68 45 -95 100
6 5 -2 20 -75 38
3 4 -45 11 -36 43
8 7 -60 32 -25 3
7 8 -54 70 -72 12
8 9 -69 61 -88 96
7 1 -53 92 -51 8
9 2 -56 94 -95 53
6 8 -77 90 -2 29
9 5 -65 24 -30 99

